3 0.00
0.00000 5.707E+00
0.00010 5.705E+00
0.00011 5.704E+00
0.00012 5.704E+00
0.00013 5.704E+00
0.00014 5.704E+00
0.00015 5.703E+00
0.00016 5.703E+00
0.00018 5.703E+00
0.00020 5.702E+00
0.00022 5.702E+00
0.00024 5.701E+00
0.00026 5.701E+00
0.00028 5.700E+00
0.00030 5.700E+00
0.00032 5.699E+00
0.00036 5.698E+00
0.00040 5.697E+00
0.00045 5.696E+00
0.00050 5.694E+00
0.00055 5.693E+00
0.00060 5.692E+00
0.00065 5.691E+00
0.00070 5.689E+00
0.00075 5.688E+00
0.00080 5.687E+00
0.00085 5.685E+00
0.00090 5.684E+00
0.00100 5.682E+00
0.00110 5.679E+00
0.00120 5.676E+00
0.00130 5.674E+00
0.00140 5.671E+00
0.00150 5.669E+00
0.00160 5.666E+00
0.00180 5.661E+00
0.00200 5.656E+00
0.00220 5.651E+00
0.00240 5.646E+00
0.00260 5.641E+00
0.00280 5.636E+00
0.00300 5.630E+00
0.00320 5.625E+00
0.00360 5.615E+00
0.00400 5.605E+00
0.00450 5.592E+00
0.00500 5.579E+00
0.00550 5.566E+00
0.00600 5.554E+00
0.00650 5.541E+00
0.00700 5.528E+00
0.00750 5.515E+00
0.00800 5.503E+00
0.00850 5.490E+00
0.00900 5.477E+00
0.01000 5.452E+00
0.01100 5.426E+00
0.01200 5.401E+00
0.01300 5.375E+00
0.01400 5.357E+00
0.01500 5.338E+00
0.01600 5.319E+00
0.01800 5.280E+00
0.02000 5.240E+00
0.02200 5.201E+00
0.02400 5.161E+00
0.02600 5.122E+00
0.02800 5.082E+00
0.03000 5.042E+00
0.03200 5.002E+00
0.03600 4.922E+00
0.04000 4.841E+00
0.04500 4.739E+00
0.05000 4.638E+00
0.05500 4.536E+00
0.06000 4.434E+00
0.06500 4.333E+00
0.07000 4.232E+00
0.07500 4.131E+00
0.08000 4.031E+00
0.08500 3.932E+00
0.09000 3.834E+00
0.10000 3.642E+00
0.11000 3.456E+00
0.12000 3.276E+00
0.13000 3.106E+00
0.14000 2.946E+00
0.15000 2.797E+00
0.16000 2.661E+00
0.18000 2.433E+00
0.20000 2.223E+00
0.22000 2.009E+00
0.24000 1.793E+00
0.26000 1.578E+00
0.28000 1.367E+00
0.30000 1.161E+00
0.32000 9.643E-01
0.36000 6.102E-01
0.40000 3.285E-01
0.45000 8.584E-02
0.49780 0.000E+00

